<?xml version="1.0" encoding="utf-8"?>
<COLLADA xmlns="http://www.collada.org/2005/11/COLLADASchema" version="1.4.1">
  <asset><contributor><author></author><authoring_tool>FBX COLLADA exporter</authoring_tool><comments></comments></contributor><created>2021-05-14T10:09:11Z</created><keywords></keywords><modified>2021-05-14T10:09:11Z</modified><revision></revision><subject></subject><title></title><unit meter="1.000000" name="centimeter"></unit><up_axis>Y_UP</up_axis></asset>
  <library_images>
    <image id="Yellow_Fish_06-.png-image" name="Yellow_Fish_06-.png"><init_from>file:///tmp/d80dedec-4c93-4a53-81ed-4cfd6c3c73aa/461a9eb35323f5eaa8669702d71826b5/Yellow_Fish_06 .png</init_from></image>
  </library_images>
  <library_materials>
    <material id="_03---Defaultdv" name="_03---Defaultdv">
      <instance_effect url="#_03---Defaultdv-fx"/>
    </material>
  </library_materials>
  <library_effects>
    <effect id="_03---Defaultdv-fx" name="_03---Defaultdv">
      <profile_COMMON>
        <technique sid="standard">
          <phong>
            <emission>
              <color sid="emission">0.000000  0.000000 0.000000 1.000000</color>
            </emission>
            <ambient>
              <color sid="ambient">0.000000  0.000000 0.000000 1.000000</color>
            </ambient>
            <diffuse>
              <texture texture="Yellow_Fish_06-.png-image" texcoord="CHANNEL0">
                <extra>
                  <technique profile="MAYA">
                    <wrapU sid="wrapU0">TRUE</wrapU>
                    <wrapV sid="wrapV0">TRUE</wrapV>
                    <blend_mode>ADD</blend_mode>
                  </technique>
                </extra>
              </texture>
            </diffuse>
            <specular>
              <color sid="specular">0.020000  0.020000 0.020000 1.000000</color>
            </specular>
            <shininess>
              <float sid="shininess">1.999277</float>
            </shininess>
            <reflective>
              <color sid="reflective">0.000000  0.000000 0.000000 1.000000</color>
            </reflective>
            <reflectivity>
              <float sid="reflectivity">1.000000</float>
            </reflectivity>
            <transparent opaque="RGB_ZERO">
              <color sid="transparent">1.000000  1.000000 1.000000 1.000000</color>
            </transparent>
            <transparency>
              <float sid="transparency">0.000000</float>
            </transparency>
          </phong>
        </technique>
      </profile_COMMON>
    </effect>
  </library_effects>
  <library_geometries>
    <geometry id="Object028-lib" name="Object028Mesh">
      <mesh>
        <source id="Object028-POSITION">
          <float_array id="Object028-POSITION-array" count="228">
-0.000391 -18.392107 -19.712664
-0.000391 -6.982920 -22.527714
-0.000391 9.257628 -23.022758
-0.000391 21.470163 -20.451674
-0.000391 21.309458 20.524351
-0.000391 8.936311 22.773987
-0.000391 -25.772802 14.900179
2.907799 -29.044199 -1.254438
5.367912 -18.917635 -0.424592
7.922643 -7.459997 0.223836
7.492099 9.093967 0.303544
5.035293 21.390020 -0.017554
2.054773 29.069706 0.045077
0.726122 32.192097 0.077104
6.534799 -6.342037 -31.446445
8.267976 2.145795 -25.503210
0.964110 -13.787530 -17.300104
2.697285 -8.601132 -13.668557
4.741533 -10.890141 -24.951199
6.474709 -2.402309 -19.007961
-0.000391 -31.396950 5.740819
-2.908581 -29.044199 -1.254438
-0.000391 -39.592201 -2.775777
-5.368695 -18.917635 -0.424592
-0.000391 -19.505926 21.167103
-7.923426 -7.459997 0.223836
-0.000391 -7.936221 22.934669
-7.492882 9.093967 0.303544
-5.036076 21.390020 -0.017554
-0.000391 34.486084 0.116517
-0.000391 32.206093 1.889861
-0.726905 32.192097 0.077104
-0.000391 -28.986641 -12.577868
-0.000391 32.650906 -2.855793
-0.000391 30.147491 3.491014
-0.000391 27.442215 11.847121
-2.055555 29.069706 0.045077
-0.000391 27.415730 -12.577806
-0.000391 30.751575 -5.346947
-0.964387 -13.787525 -17.300116
-4.741826 -10.890147 -24.951189
-6.475004 -2.402302 -19.007975
-2.697562 -8.601130 -13.668566
-6.535110 -6.342089 -31.446442
-8.268287 2.145772 -25.503248
-0.000203 -3.638435 -22.469814
-0.000391 11.042739 -25.774826
-0.000391 26.308876 -25.745844
-0.000391 34.371887 -22.838511
-0.000391 38.844696 -18.076630
-0.000391 38.268677 -11.394339
-0.000391 30.493692 -3.135966
-0.000391 26.212744 -12.086711
-0.000391 20.569738 -18.021618
-0.000391 9.381104 -21.329620
-0.000391 -8.131425 21.771223
-0.000391 5.796464 21.858715
-0.000391 20.083473 19.144352
-0.000391 26.213026 11.944698
-0.000391 29.812881 3.674589
-0.000391 35.845081 12.625397
-0.000391 35.935188 23.116804
-0.000391 29.808413 30.698635
-0.000391 17.265886 32.738670
-0.000391 3.556476 31.668148
-0.000391 -9.474664 27.591869
-0.000391 -19.392632 20.594500
-0.000391 31.498363 -2.919460
-0.000391 38.017017 -9.049077
-0.000391 50.060791 -18.641785
-0.000391 50.015640 29.965466
-0.000391 36.946739 12.744559
-0.000391 30.817272 2.431650
-0.000391 31.152500 -0.202136
-0.000391 50.039547 0.290740
-0.000391 41.900162 0.104824
</float_array>
          <technique_common>
            <accessor source="#Object028-POSITION-array" count="76" stride="3">
              <param name="X" type="float"/>
              <param name="Y" type="float"/>
              <param name="Z" type="float"/>
            </accessor>
          </technique_common>
        </source>
        <source id="Object028-Normal0">
          <float_array id="Object028-Normal0-array" count="642">
-0.815182 0.000000 0.579205
-0.255838 -0.966712 0.003752
-0.753163 0.000000 0.657834
-0.815182 0.000000 0.579205
-0.998204 0.000000 -0.059905
-0.255838 -0.966712 0.003752
-0.180548 -0.983483 -0.012814
-0.542089 0.000000 0.840321
-0.753163 0.000000 0.657834
-0.255838 -0.966712 0.003752
-0.063635 -0.997972 0.001428
-0.190009 -0.000000 0.981782
-0.542089 0.000000 0.840321
-0.180548 -0.983483 -0.012814
0.068502 -0.997635 0.005587
0.209831 -0.000000 0.977738
-0.190009 -0.000000 0.981782
-0.063635 -0.997972 0.001428
0.251648 -0.967818 0.001279
0.557201 -0.000000 0.830378
0.209831 -0.000000 0.977738
0.068502 -0.997635 0.005587
0.990624 0.000000 0.136620
0.646375 -0.000000 0.763020
0.332972 -0.938752 0.088740
-0.998204 0.000000 -0.059905
-0.618834 0.000000 -0.785522
-0.255838 -0.966712 0.003752
-0.255838 -0.966712 0.003752
-0.618834 0.000000 -0.785522
-0.472796 0.000000 -0.881172
-0.180548 -0.983483 -0.012814
-0.180548 -0.983483 -0.012814
-0.472796 0.000000 -0.881172
-0.176515 0.000000 -0.984298
-0.063635 -0.997972 0.001428
-0.063635 -0.997972 0.001428
-0.176515 0.000000 -0.984298
0.203656 -0.000000 -0.979042
0.068502 -0.997635 0.005587
0.068502 -0.997635 0.005587
0.203656 -0.000000 -0.979042
0.550006 0.000000 -0.835161
0.251648 -0.967818 0.001279
0.851512 0.000000 -0.524335
0.990624 0.000000 0.136620
0.332972 -0.938752 0.088740
0.821890 -0.000000 0.569647
0.844639 -0.000000 0.535337
0.251648 -0.967818 0.001279
0.390854 -0.919760 0.035707
0.390854 -0.919760 0.035707
0.251648 -0.967818 0.001279
0.830459 0.000000 -0.557080
0.876264 0.000000 -0.481831
0.646375 -0.000000 0.763020
0.821890 -0.000000 0.569647
0.390854 -0.919760 0.035707
0.332972 -0.938752 0.088740
0.332972 -0.938752 0.088740
0.390854 -0.919760 0.035707
0.876264 0.000000 -0.481831
0.851512 0.000000 -0.524335
0.844639 -0.000000 0.535337
0.557201 -0.000000 0.830378
0.251648 -0.967818 0.001279
0.251648 -0.967818 0.001279
0.550006 0.000000 -0.835161
0.830459 0.000000 -0.557080
-0.393393 -0.887334 0.240583
-0.324368 -0.932089 0.161231
-0.319164 -0.934879 0.155356
-0.393393 -0.887334 0.240583
-0.324368 -0.932089 0.161231
-0.256772 -0.962640 0.085982
-0.256772 -0.962640 0.085982
-0.319164 -0.934879 0.155356
-0.815182 0.000000 0.579205
-0.753163 0.000000 0.657834
-0.255838 0.966712 0.003752
-0.815182 0.000000 0.579205
-0.255838 0.966712 0.003752
-0.998204 0.000000 -0.059905
-0.180548 0.983483 -0.012814
-0.255838 0.966712 0.003752
-0.753163 0.000000 0.657834
-0.542089 0.000000 0.840321
-0.063635 0.997972 0.001429
-0.180548 0.983483 -0.012814
-0.542089 0.000000 0.840321
-0.190009 -0.000000 0.981782
0.068502 0.997635 0.005587
-0.063635 0.997972 0.001429
-0.190009 -0.000000 0.981782
0.209831 -0.000000 0.977738
0.251648 0.967818 0.001279
0.068502 0.997635 0.005587
0.209831 -0.000000 0.977738
0.557201 -0.000000 0.830378
0.990624 0.000000 0.136620
0.332972 0.938752 0.088740
0.646375 -0.000000 0.763020
-0.998204 0.000000 -0.059905
-0.255838 0.966712 0.003752
-0.618834 0.000000 -0.785522
-0.255838 0.966712 0.003752
-0.180548 0.983483 -0.012814
-0.472796 0.000000 -0.881172
-0.618834 0.000000 -0.785522
-0.180548 0.983483 -0.012814
-0.063635 0.997972 0.001429
-0.176515 0.000000 -0.984298
-0.472796 0.000000 -0.881172
-0.063635 0.997972 0.001429
0.068502 0.997635 0.005587
0.203656 -0.000000 -0.979042
-0.176515 0.000000 -0.984298
0.068502 0.997635 0.005587
0.251648 0.967818 0.001279
0.550006 0.000000 -0.835161
0.203656 -0.000000 -0.979042
0.851512 0.000000 -0.524335
0.332972 0.938752 0.088740
0.990624 0.000000 0.136620
0.821890 -0.000000 0.569647
0.390854 0.919760 0.035708
0.251648 0.967818 0.001279
0.844639 -0.000000 0.535337
0.390854 0.919760 0.035708
0.876264 0.000000 -0.481831
0.830459 0.000000 -0.557080
0.251648 0.967818 0.001279
0.646375 -0.000000 0.763020
0.332972 0.938752 0.088740
0.390854 0.919760 0.035708
0.821890 -0.000000 0.569647
0.332972 0.938752 0.088740
0.851512 0.000000 -0.524335
0.876264 0.000000 -0.481831
0.390854 0.919760 0.035708
0.844639 -0.000000 0.535337
0.251648 0.967818 0.001279
0.557201 -0.000000 0.830378
0.251648 0.967818 0.001279
0.830459 0.000000 -0.557080
0.550006 0.000000 -0.835161
-0.393393 0.887334 0.240584
-0.393393 0.887334 0.240584
-0.319164 0.934879 0.155356
-0.324368 0.932089 0.161231
-0.324368 0.932089 0.161231
-0.319164 0.934879 0.155356
-0.256772 0.962640 0.085982
-0.256772 0.962640 0.085982
-0.000000 -1.000000 -0.000000
-0.000000 -1.000000 -0.000000
-0.000000 -1.000000 -0.000000
0.000000 -1.000000 -0.000000
-0.000000 -1.000000 -0.000000
0.000000 -1.000000 -0.000000
0.000000 -1.000000 -0.000000
0.000000 -1.000000 -0.000000
0.000000 -1.000000 -0.000000
0.000000 -1.000000 -0.000000
-0.000000 -1.000000 -0.000000
0.000000 -1.000000 -0.000000
0.000000 -1.000000 -0.000000
-0.000000 -1.000000 -0.000000
-0.000000 -1.000000 -0.000000
-0.000000 -1.000000 -0.000000
-0.000000 -1.000000 -0.000000
-0.000000 -1.000000 -0.000000
-0.000000 -1.000000 -0.000000
-0.000000 -1.000000 -0.000000
-0.000000 -1.000000 -0.000000
-0.000000 -1.000000 -0.000000
0.000000 -1.000000 -0.000000
0.000000 -1.000000 -0.000000
-0.000000 -1.000000 -0.000000
-0.000000 -1.000000 -0.000000
-0.000000 -1.000000 -0.000000
0.000000 -1.000000 -0.000000
0.000000 -1.000000 -0.000000
-0.000000 -1.000000 -0.000000
0.000000 -1.000000 -0.000000
0.000000 -1.000000 -0.000000
0.000000 -1.000000 -0.000000
-0.000000 -1.000000 -0.000000
0.000000 -1.000000 -0.000000
0.000000 -1.000000 -0.000000
0.000000 -1.000000 -0.000000
0.000000 -1.000000 -0.000000
0.000000 -1.000000 -0.000000
0.000000 -1.000000 -0.000000
0.000000 -1.000000 -0.000000
0.000000 -1.000000 -0.000000
0.000000 -1.000000 -0.000000
0.000000 -1.000000 -0.000000
-0.000000 -1.000000 -0.000000
-0.000000 -1.000000 -0.000000
-0.000000 -1.000000 -0.000000
-0.000000 -1.000000 -0.000000
-0.000000 -1.000000 -0.000000
-0.000000 -1.000000 -0.000000
-0.000000 -1.000000 -0.000000
-0.000000 -1.000000 -0.000000
-0.000000 -1.000000 -0.000000
-0.000000 -1.000000 -0.000000
-0.000000 -1.000000 -0.000000
-0.000000 -1.000000 -0.000000
-0.000000 -1.000000 -0.000000
-0.000000 -1.000000 -0.000000
-0.000000 -1.000000 -0.000000
-0.000000 -1.000000 -0.000000
</float_array>
          <technique_common>
            <accessor source="#Object028-Normal0-array" count="214" stride="3">
              <param name="X" type="float"/>
              <param name="Y" type="float"/>
              <param name="Z" type="float"/>
            </accessor>
          </technique_common>
        </source>
        <source id="Object028-UV0">
          <float_array id="Object028-UV0-array" count="254">
0.098375 0.784895
0.132356 0.704440
0.159146 0.886974
0.012225 0.687052
0.245604 0.713977
0.227897 0.958872
0.369926 0.720793
0.359034 0.983873
0.546482 0.721401
0.550440 0.981212
0.679483 0.717889
0.689407 0.951142
0.833077 0.720299
0.809254 0.741276
0.806481 0.719845
0.125991 0.575605
0.241260 0.492927
0.369548 0.456998
0.554013 0.452680
0.692844 0.486048
0.813908 0.686920
0.788246 0.760921
0.757485 0.853232
0.769023 0.719485
0.759383 0.576549
0.794551 0.658272
0.037662 0.277351
0.008476 0.138097
0.175350 0.138097
0.141654 0.277351
0.008476 0.008997
0.175350 0.008997
0.098375 0.784895
0.132356 0.704440
0.159146 0.886974
0.012225 0.687052
0.245604 0.713977
0.227897 0.958872
0.369926 0.720793
0.359034 0.983873
0.546482 0.721401
0.550440 0.981212
0.679483 0.717889
0.689407 0.951142
0.833077 0.720299
0.809254 0.741276
0.806481 0.719845
0.125991 0.575605
0.241260 0.492927
0.369548 0.456998
0.554013 0.452680
0.692844 0.486048
0.813908 0.686920
0.788246 0.760921
0.757485 0.853232
0.769023 0.719485
0.759383 0.576549
0.794551 0.658272
0.037662 0.277351
0.008476 0.138097
0.175350 0.138097
0.141654 0.277351
0.008476 0.008997
0.175350 0.008997
0.098375 0.784895
0.132356 0.704440
0.159146 0.886974
0.012225 0.687052
0.245604 0.713977
0.227897 0.958872
0.369926 0.720793
0.359034 0.983873
0.546482 0.721401
0.550440 0.981212
0.679483 0.717889
0.689407 0.951142
0.833077 0.720299
0.809254 0.741276
0.806481 0.719845
0.125991 0.575605
0.241260 0.492927
0.369548 0.456998
0.554013 0.452680
0.692844 0.486048
0.813908 0.686920
0.788246 0.760921
0.757485 0.853232
0.769023 0.719485
0.759383 0.576549
0.794551 0.658272
0.554515 0.080803
0.452341 0.189271
0.495918 0.022355
0.231466 0.275063
0.117419 0.389093
0.202626 0.224097
0.351483 0.195537
0.323988 0.080017
0.415427 0.026865
0.570909 0.219803
0.304323 0.425938
0.301797 0.353780
0.464677 0.311233
0.469212 0.432765
0.166642 0.375270
0.622984 0.234854
0.632617 0.402379
0.772667 0.339327
0.820478 0.231649
0.672022 0.131626
0.786605 0.109446
0.688178 0.023815
0.986982 0.439274
0.986677 0.817214
0.820231 0.597888
0.883318 0.436907
0.833861 0.320322
0.987252 0.198147
0.742166 0.466539
0.746435 0.432996
0.750840 0.398388
0.037662 0.277351
0.008476 0.138097
0.175350 0.138097
0.141654 0.277351
0.008476 0.008997
0.175350 0.008997
</float_array>
          <technique_common>
            <accessor source="#Object028-UV0-array" count="127" stride="2">
              <param name="S" type="float"/>
              <param name="T" type="float"/>
            </accessor>
          </technique_common>
        </source>
        <vertices id="Object028-VERTEX">
          <input semantic="POSITION" source="#Object028-POSITION"/>
        </vertices>
        <polylist count="59" material="_03---Defaultdv"><input semantic="VERTEX" offset="0" source="#Object028-VERTEX"/><input semantic="NORMAL" offset="1" source="#Object028-Normal0"/><input semantic="TEXCOORD" offset="2" set="0" source="#Object028-UV0"/><vcount>3 3 4 4 4 4 3 3 4 4 4 4 3 4 4 4 4 3 3 4 4 3 3 4 4 4 4 3 3 4 4 4 4 3 4 4 4 4 3 3 4 4 3 3 4 4 3 3 4 3 4 3 3 4 3 4 4 4 4 </vcount><p> 20 0 0 7 1 1 6 2 2 20 3 0 22 4 3 7 5 1 8 6 4 24 7 5 6 8 2 7 9 1 9 10 6 26 11 7 24 12 5 8 13 4 10 14 8 5 15 9 26 16 7 9 17 6 11 18 10 4 19 11 5 20 9 10 21 8 29 22 12 30 23 13 13 24 14 22 25 3 32 26 15 7 27 1 7 28 1 32 29 15 0 30 16 8 31 4 8 32 4 0 33 16 1 34 17 9 35 6 9 36 6 1 37 17 2 38 18 10 39 8 10 40 8 2 41 18 3 42 19 11 43 10 33 44 20 29 45 12 13 46 14 34 47 21 35 48 22 11 49 10 12 50 23 12 51 23 11 52 10 37 53 24 38 54 25 30 55 13 34 56 21 12 57 23 13 58 14 13 59 14 12 60 23 38 61 25 33 62 20 35 63 22 4 64 11 11 65 10 11 66 10 3 67 19 37 68 24 16 69 26 18 70 27 19 71 28 17 72 29 18 73 27 14 74 30 15 75 31 19 76 28 20 77 32 6 78 34 21 79 33 20 80 32 21 81 33 22 82 35 23 83 36 21 84 33 6 85 34 24 86 37 25 87 38 23 88 36 24 89 37 26 90 39 27 91 40 25 92 38 26 93 39 5 94 41 28 95 42 27 96 40 5 97 41 4 98 43 29 99 44 31 100 46 30 101 45 22 102 35 21 103 33 32 104 47 21 105 33 23 106 36 0 107 48 32 108 47 23 109 36 25 110 38 1 111 49 0 112 48 25 113 38 27 114 40 2 115 50 1 116 49 27 117 40 28 118 42 3 119 51 2 120 50 33 121 52 31 122 46 29 123 44 34 124 53 36 125 55 28 126 42 35 127 54 36 128 55 38 129 57 37 130 56 28 131 42 30 132 45 31 133 46 36 134 55 34 135 53 31 136 46 33 137 52 38 138 57 36 139 55 35 140 54 28 141 42 4 142 43 28 143 42 37 144 56 3 145 51 39 146 58 42 147 61 41 148 60 40 149 59 40 150 59 41 151 60 44 152 63 43 153 62 50 154 90 52 155 91 49 156 92 54 157 93 45 158 94 46 159 95 53 160 96 54 161 93 46 162 95 47 163 97 52 164 91 53 165 96 47 166 97 48 167 98 52 168 91 48 169 98 49 170 92 50 171 90 51 172 99 52 173 91 65 174 100 55 175 101 56 176 102 64 177 103 65 178 100 66 179 104 55 180 101 56 181 102 57 182 105 63 183 106 64 184 103 57 185 105 62 186 107 63 187 106 57 188 105 61 189 108 62 190 107 57 191 105 58 192 109 60 193 110 61 194 108 58 195 109 59 196 111 60 197 110 74 198 112 70 199 113 71 200 114 75 201 115 68 202 116 69 203 117 74 204 112 75 205 115 71 206 114 72 207 118 73 208 119 75 209 115 75 210 115 73 211 119 67 212 120 68 213 116</p></polylist>
      </mesh>
    </geometry>
  </library_geometries>
  <library_animations>
    <animation id="Bone073-anim" name="Bone073"><animation><source id="Bone073-Matrix-animation-input"><float_array id="Bone073-Matrix-animation-input-array" count="21">

0.000000 0.033333 0.066667 0.100000 0.133333 0.166667 0.200000 0.233333 0.266667 0.300000 0.333333 0.366667 0.400000 0.433333 0.466667 0.500000
0.533333 0.566667 0.600000 0.633333 0.666667</float_array><technique_common><accessor source="#Bone073-Matrix-animation-input-array" count="21"><param name="TIME" type="float"/></accessor></technique_common></source><source id="Bone073-Matrix-animation-output-transform"><float_array id="Bone073-Matrix-animation-output-transform-array" count="336">

-0.464561 0.113717 -0.878209 -1.594139 -0.785627 0.404692 0.467989 8.402344 -0.408623 -0.907355 0.098665 5.906387 0.000000 0.000000 0.000000 1.000000
-0.491249 0.154448 -0.857216 -1.594139 -0.767407 0.388790 0.509831 8.402344 -0.412020 -0.908289 0.072468 5.906387 0.000000 0.000000 0.000000 1.000000
-0.517925 0.193549 -0.833242 -1.594139 -0.748545 0.368925 0.550975 8.402344 -0.414045 -0.909084 0.046195 5.906387 0.000000 0.000000 0.000000 1.000000
-0.544518 0.230733 -0.806388 -1.594139 -0.729057 0.345148 0.591057 8.402344 -0.414699 -0.909745 0.019721 5.906387 0.000000 0.000000 0.000000 1.000000
-0.570954 0.265717 -0.776791 -1.594139 -0.708960 0.317540 0.629718 8.402344 -0.413989 -0.910254 -0.007082 5.906387 0.000000 0.000000 0.000000 1.000000
-0.597164 0.298228 -0.744617 -1.594139 -0.688269 0.286217 0.666607 8.402344 -0.411924 -0.910571 -0.034342 5.906387 0.000000 0.000000 0.000000 1.000000
-0.635951 0.240174 -0.733404 -1.594139 -0.678652 0.278409 0.679647 8.402344 -0.367420 -0.929949 0.014060 5.906387 0.000000 0.000000 0.000000 1.000000
-0.671279 0.180553 -0.718877 -1.594139 -0.668917 0.270197 0.692490 8.402344 -0.319270 -0.945724 0.060602 5.906387 0.000000 0.000000 0.000000 1.000000
-0.702808 0.119572 -0.701258 -1.594139 -0.659067 0.261586 0.705127 8.402344 -0.267753 -0.957745 0.105039 5.906387 0.000000 0.000000 0.000000 1.000000
-0.730219 0.057455 -0.680793 -1.594139 -0.649102 0.252584 0.717543 8.402344 -0.213184 -0.965868 0.147147 5.906387 0.000000 0.000000 0.000000 1.000000
-0.753221 -0.005558 -0.657744 -1.594139 -0.639024 0.243195 0.729729 8.402344 -0.155904 -0.969961 0.186732 5.906387 0.000000 0.000000 0.000000 1.000000
-0.730098 0.070092 -0.679738 -1.594139 -0.643402 0.264581 0.718353 8.402344 -0.230196 -0.961813 0.148073 5.906387 0.000000 0.000000 0.000000 1.000000
-0.699685 0.143876 -0.699814 -1.594139 -0.647759 0.285485 0.706333 8.402344 -0.301411 -0.947522 0.106552 5.906387 0.000000 0.000000 0.000000 1.000000
-0.662367 0.215280 -0.717582 -1.594139 -0.652095 0.305888 0.693689 8.402344 -0.368837 -0.927409 0.062227 5.906387 0.000000 0.000000 0.000000 1.000000
-0.618599 0.283839 -0.732646 -1.594139 -0.656410 0.325771 0.680440 8.402344 -0.431810 -0.901836 0.015207 5.906387 0.000000 0.000000 0.000000 1.000000
-0.568899 0.349140 -0.744617 -1.594139 -0.660704 0.345115 0.666608 8.402344 -0.489718 -0.871204 -0.034343 5.906387 0.000000 0.000000 0.000000 1.000000
-0.549291 0.305406 -0.777821 -1.594139 -0.687577 0.363796 0.628403 8.402344 -0.474886 -0.879989 -0.010160 5.906387 0.000000 0.000000 0.000000 1.000000
-0.529023 0.259751 -0.807876 -1.594139 -0.713540 0.379153 0.589155 8.402344 -0.459342 -0.888129 0.015238 5.906387 0.000000 0.000000 0.000000 1.000000
-0.508125 0.212418 -0.834678 -1.594139 -0.738557 0.391116 0.549145 8.402344 -0.443104 -0.895492 0.041853 5.906387 0.000000 0.000000 0.000000 1.000000
-0.486627 0.163656 -0.858144 -1.594139 -0.762597 0.399637 0.508660 8.402344 -0.426191 -0.901946 0.069671 5.906387 0.000000 0.000000 0.000000 1.000000
-0.464561 0.113717 -0.878209 -1.594139 -0.785627 0.404692 0.467989 8.402344 -0.408623 -0.907355 0.098665 5.906387 0.000000 0.000000 0.000000 1.000000</float_array><technique_common><accessor source="#Bone073-Matrix-animation-output-transform-array" count="21" stride="16"><param type="float4x4"/></accessor></technique_common></source><source id="Bone073-Interpolations"><Name_array id="Bone073-Interpolations-array" count="21">
 LINEAR LINEAR LINEAR LINEAR LINEAR LINEAR LINEAR LINEAR LINEAR LINEAR LINEAR
LINEAR LINEAR LINEAR LINEAR LINEAR LINEAR LINEAR LINEAR LINEAR LINEAR</Name_array><technique_common><accessor source="#Bone073-Interpolations-array" count="21"><param type="name"/></accessor></technique_common></source><sampler id="Bone073-Matrix-animation-transform"><input semantic="INPUT" source="#Bone073-Matrix-animation-input"/><input semantic="OUTPUT" source="#Bone073-Matrix-animation-output-transform"/><input semantic="INTERPOLATION" source="#Bone073-Interpolations"/></sampler><channel source="#Bone073-Matrix-animation-transform" target="Bone073/matrix"/></animation></animation>
    <animation id="Bone071-anim" name="Bone071"><animation><source id="Bone071-Matrix-animation-input"><float_array id="Bone071-Matrix-animation-input-array" count="21">

0.000000 0.033333 0.066667 0.100000 0.133333 0.166667 0.200000 0.233333 0.266667 0.300000 0.333333 0.366667 0.400000 0.433333 0.466667 0.500000
0.533333 0.566667 0.600000 0.633333 0.666667</float_array><technique_common><accessor source="#Bone071-Matrix-animation-input-array" count="21"><param name="TIME" type="float"/></accessor></technique_common></source><source id="Bone071-Matrix-animation-output-transform"><float_array id="Bone071-Matrix-animation-output-transform-array" count="336">

0.957882 -0.186877 0.218034 9.346354 0.189488 0.981841 0.009064 0.000001 -0.215769 0.032632 0.975899 -0.000000 0.000000 0.000000 0.000000 1.000000
0.946711 -0.194351 0.256839 9.346354 0.193170 0.980704 0.030078 0.000001 -0.257729 0.021138 0.965986 -0.000000 0.000000 0.000000 0.000000 1.000000
0.933766 -0.202745 0.294914 9.346354 0.196354 0.979182 0.051457 0.000001 -0.299208 0.009859 0.954137 -0.000000 0.000000 0.000000 0.000000 1.000000
0.919079 -0.212035 0.332167 9.346354 0.199014 0.977261 0.073169 0.000001 -0.340128 -0.001142 0.940378 -0.000000 0.000000 0.000000 0.000000 1.000000
0.902681 -0.222195 0.368505 9.346354 0.201124 0.974931 0.095179 0.000001 -0.380415 -0.011802 0.924741 -0.000000 0.000000 0.000000 0.000000 1.000000
0.884611 -0.233194 0.403837 9.346354 0.202659 0.972180 0.117452 0.000001 -0.419992 -0.022058 0.907260 -0.000000 0.000000 0.000000 0.000000 1.000000
0.902681 -0.222195 0.368505 9.346354 0.201124 0.974931 0.095179 0.000001 -0.380415 -0.011802 0.924741 -0.000000 0.000000 0.000000 0.000000 1.000000
0.919079 -0.212035 0.332167 9.346354 0.199014 0.977261 0.073169 0.000001 -0.340128 -0.001142 0.940378 -0.000000 0.000000 0.000000 0.000000 1.000000
0.933766 -0.202745 0.294914 9.346354 0.196354 0.979182 0.051457 0.000001 -0.299208 0.009859 0.954137 -0.000000 0.000000 0.000000 0.000000 1.000000
0.946711 -0.194351 0.256839 9.346354 0.193170 0.980704 0.030078 0.000001 -0.257729 0.021138 0.965986 -0.000000 0.000000 0.000000 0.000000 1.000000
0.957882 -0.186877 0.218034 9.346354 0.189488 0.981841 0.009064 0.000001 -0.215769 0.032632 0.975899 -0.000000 0.000000 0.000000 0.000000 1.000000
0.967647 -0.188562 0.167641 9.346354 0.191420 0.981508 -0.000905 0.000001 -0.164370 0.032965 0.985848 -0.000000 0.000000 0.000000 0.000000 1.000000
0.974760 -0.190262 0.116806 9.346354 0.192827 0.981172 -0.010961 0.000001 -0.112521 0.033207 0.993094 -0.000000 0.000000 0.000000 0.000000 1.000000
0.979201 -0.191972 0.065668 9.346354 0.193705 0.980833 -0.021077 0.000001 -0.060363 0.033359 0.997619 -0.000000 0.000000 0.000000 0.000000 1.000000
0.980958 -0.193687 0.014368 9.346354 0.194053 0.980494 -0.031225 0.000001 -0.008040 0.033419 0.999409 -0.000000 0.000000 0.000000 0.000000 1.000000
0.980026 -0.195403 -0.036953 9.346354 0.193868 0.980154 -0.041377 0.000001 0.044305 0.033387 0.998460 -0.000000 0.000000 0.000000 0.000000 1.000000
0.980958 -0.193687 0.014368 9.346354 0.194053 0.980494 -0.031225 0.000001 -0.008040 0.033419 0.999409 -0.000000 0.000000 0.000000 0.000000 1.000000
0.979201 -0.191972 0.065668 9.346354 0.193705 0.980833 -0.021077 0.000001 -0.060363 0.033359 0.997619 -0.000000 0.000000 0.000000 0.000000 1.000000
0.974760 -0.190262 0.116806 9.346354 0.192827 0.981172 -0.010961 0.000001 -0.112521 0.033207 0.993094 -0.000000 0.000000 0.000000 0.000000 1.000000
0.967647 -0.188562 0.167641 9.346354 0.191420 0.981508 -0.000905 0.000001 -0.164370 0.032965 0.985848 -0.000000 0.000000 0.000000 0.000000 1.000000
0.957882 -0.186877 0.218034 9.346354 0.189488 0.981841 0.009064 0.000001 -0.215769 0.032632 0.975899 -0.000000 0.000000 0.000000 0.000000 1.000000</float_array><technique_common><accessor source="#Bone071-Matrix-animation-output-transform-array" count="21" stride="16"><param type="float4x4"/></accessor></technique_common></source><source id="Bone071-Interpolations"><Name_array id="Bone071-Interpolations-array" count="21">
 LINEAR LINEAR LINEAR LINEAR LINEAR LINEAR LINEAR LINEAR LINEAR LINEAR LINEAR
LINEAR LINEAR LINEAR LINEAR LINEAR LINEAR LINEAR LINEAR LINEAR LINEAR</Name_array><technique_common><accessor source="#Bone071-Interpolations-array" count="21"><param type="name"/></accessor></technique_common></source><sampler id="Bone071-Matrix-animation-transform"><input semantic="INPUT" source="#Bone071-Matrix-animation-input"/><input semantic="OUTPUT" source="#Bone071-Matrix-animation-output-transform"/><input semantic="INTERPOLATION" source="#Bone071-Interpolations"/></sampler><channel source="#Bone071-Matrix-animation-transform" target="Bone071/matrix"/></animation></animation>
    <animation id="Bone072-anim" name="Bone072"><animation><source id="Bone072-Matrix-animation-input"><float_array id="Bone072-Matrix-animation-input-array" count="21">

0.000000 0.033333 0.066667 0.100000 0.133333 0.166667 0.200000 0.233333 0.266667 0.300000 0.333333 0.366667 0.400000 0.433333 0.466667 0.500000
0.533333 0.566667 0.600000 0.633333 0.666667</float_array><technique_common><accessor source="#Bone072-Matrix-animation-input-array" count="21"><param name="TIME" type="float"/></accessor></technique_common></source><source id="Bone072-Matrix-animation-output-transform"><float_array id="Bone072-Matrix-animation-output-transform-array" count="336">

0.878532 0.109422 0.464982 8.130730 -0.094184 0.993981 -0.055960 0.000000 -0.468307 0.005369 0.883550 0.000002 0.000000 0.000000 0.000000 1.000000
0.878532 0.109422 0.464982 8.130730 -0.094184 0.993981 -0.055960 0.000000 -0.468307 0.005369 0.883550 0.000002 0.000000 0.000000 0.000000 1.000000
0.878532 0.109422 0.464982 8.130730 -0.094184 0.993981 -0.055960 0.000000 -0.468307 0.005369 0.883550 0.000002 0.000000 0.000000 0.000000 1.000000
0.878532 0.109422 0.464982 8.130730 -0.094184 0.993981 -0.055960 0.000000 -0.468307 0.005369 0.883550 0.000002 0.000000 0.000000 0.000000 1.000000
0.878532 0.109422 0.464982 8.130730 -0.094184 0.993981 -0.055960 0.000000 -0.468307 0.005369 0.883550 0.000002 0.000000 0.000000 0.000000 1.000000
0.878532 0.109422 0.464982 8.130730 -0.094184 0.993981 -0.055960 0.000000 -0.468307 0.005369 0.883550 0.000002 0.000000 0.000000 0.000000 1.000000
0.878532 0.109422 0.464982 8.130730 -0.094184 0.993981 -0.055960 0.000000 -0.468307 0.005369 0.883550 0.000002 0.000000 0.000000 0.000000 1.000000
0.878532 0.109422 0.464982 8.130730 -0.094184 0.993981 -0.055960 0.000000 -0.468307 0.005369 0.883550 0.000002 0.000000 0.000000 0.000000 1.000000
0.878532 0.109422 0.464982 8.130730 -0.094184 0.993981 -0.055960 0.000000 -0.468307 0.005369 0.883550 0.000002 0.000000 0.000000 0.000000 1.000000
0.878532 0.109422 0.464982 8.130730 -0.094184 0.993981 -0.055960 0.000000 -0.468307 0.005369 0.883550 0.000002 0.000000 0.000000 0.000000 1.000000
0.878532 0.109422 0.464982 8.130730 -0.094184 0.993981 -0.055960 0.000000 -0.468307 0.005369 0.883550 0.000002 0.000000 0.000000 0.000000 1.000000
0.878532 0.109422 0.464982 8.130730 -0.094184 0.993981 -0.055960 0.000000 -0.468307 0.005369 0.883550 0.000002 0.000000 0.000000 0.000000 1.000000
0.878532 0.109422 0.464982 8.130730 -0.094184 0.993981 -0.055960 0.000000 -0.468307 0.005369 0.883550 0.000002 0.000000 0.000000 0.000000 1.000000
0.878532 0.109422 0.464982 8.130730 -0.094184 0.993981 -0.055960 0.000000 -0.468307 0.005369 0.883550 0.000002 0.000000 0.000000 0.000000 1.000000
0.878532 0.109422 0.464982 8.130730 -0.094184 0.993981 -0.055960 0.000000 -0.468307 0.005369 0.883550 0.000002 0.000000 0.000000 0.000000 1.000000
0.878532 0.109422 0.464982 8.130730 -0.094184 0.993981 -0.055960 0.000000 -0.468307 0.005369 0.883550 0.000002 0.000000 0.000000 0.000000 1.000000
0.878532 0.109422 0.464982 8.130730 -0.094184 0.993981 -0.055960 0.000000 -0.468307 0.005369 0.883550 0.000002 0.000000 0.000000 0.000000 1.000000
0.878532 0.109422 0.464982 8.130730 -0.094184 0.993981 -0.055960 0.000000 -0.468307 0.005369 0.883550 0.000002 0.000000 0.000000 0.000000 1.000000
0.878532 0.109422 0.464982 8.130730 -0.094184 0.993981 -0.055960 0.000000 -0.468307 0.005369 0.883550 0.000002 0.000000 0.000000 0.000000 1.000000
0.878532 0.109422 0.464982 8.130730 -0.094184 0.993981 -0.055960 0.000000 -0.468307 0.005369 0.883550 0.000002 0.000000 0.000000 0.000000 1.000000
0.878532 0.109422 0.464982 8.130730 -0.094184 0.993981 -0.055960 0.000000 -0.468307 0.005369 0.883550 0.000002 0.000000 0.000000 0.000000 1.000000</float_array><technique_common><accessor source="#Bone072-Matrix-animation-output-transform-array" count="21" stride="16"><param type="float4x4"/></accessor></technique_common></source><source id="Bone072-Interpolations"><Name_array id="Bone072-Interpolations-array" count="21">
 LINEAR LINEAR LINEAR LINEAR LINEAR LINEAR LINEAR LINEAR LINEAR LINEAR LINEAR
LINEAR LINEAR LINEAR LINEAR LINEAR LINEAR LINEAR LINEAR LINEAR LINEAR</Name_array><technique_common><accessor source="#Bone072-Interpolations-array" count="21"><param type="name"/></accessor></technique_common></source><sampler id="Bone072-Matrix-animation-transform"><input semantic="INPUT" source="#Bone072-Matrix-animation-input"/><input semantic="OUTPUT" source="#Bone072-Matrix-animation-output-transform"/><input semantic="INTERPOLATION" source="#Bone072-Interpolations"/></sampler><channel source="#Bone072-Matrix-animation-transform" target="Bone072/matrix"/></animation></animation>
    <animation id="Bone069-anim" name="Bone069"><animation><source id="Bone069-Matrix-animation-input"><float_array id="Bone069-Matrix-animation-input-array" count="21">

0.000000 0.033333 0.066667 0.100000 0.133333 0.166667 0.200000 0.233333 0.266667 0.300000 0.333333 0.366667 0.400000 0.433333 0.466667 0.500000
0.533333 0.566667 0.600000 0.633333 0.666667</float_array><technique_common><accessor source="#Bone069-Matrix-animation-input-array" count="21"><param name="TIME" type="float"/></accessor></technique_common></source><source id="Bone069-Matrix-animation-output-transform"><float_array id="Bone069-Matrix-animation-output-transform-array" count="336">

0.464560 -0.113717 0.878210 1.458260 -0.785628 0.404692 0.467988 8.402344 -0.408623 -0.907355 0.098665 5.906387 0.000000 0.000000 0.000000 1.000000
0.501835 -0.098054 0.859388 1.458260 -0.772432 0.396307 0.496275 8.402344 -0.389243 -0.912867 0.123140 5.906387 0.000000 0.000000 0.000000 1.000000
0.538206 -0.081427 0.838871 1.458260 -0.758894 0.386146 0.524376 8.402344 -0.366625 -0.918837 0.146031 5.906387 0.000000 0.000000 0.000000 1.000000
0.573398 -0.063677 0.816798 1.458260 -0.745020 0.374216 0.552184 8.402344 -0.340820 -0.925153 0.167134 5.906387 0.000000 0.000000 0.000000 1.000000
0.607143 -0.044654 0.793337 1.458260 -0.730817 0.360532 0.579589 8.402344 -0.311905 -0.931677 0.186260 5.906387 0.000000 0.000000 0.000000 1.000000
0.639174 -0.024226 0.768680 1.458260 -0.716289 0.345115 0.606487 8.402344 -0.279976 -0.938248 0.203235 5.906387 0.000000 0.000000 0.000000 1.000000
0.669235 -0.002278 0.743047 1.458260 -0.701444 0.327991 0.632770 8.402344 -0.245154 -0.944678 0.217905 5.906387 0.000000 0.000000 0.000000 1.000000
0.697079 0.021285 0.716678 1.458260 -0.686288 0.309195 0.658337 8.402344 -0.207581 -0.950761 0.230141 5.906387 0.000000 0.000000 0.000000 1.000000
0.722468 0.046529 0.689836 1.458260 -0.670828 0.288765 0.683084 8.402344 -0.167417 -0.956269 0.239837 5.906387 0.000000 0.000000 0.000000 1.000000
0.745181 0.073495 0.662800 1.458260 -0.655071 0.266748 0.706914 8.402344 -0.124846 -0.960960 0.246920 5.906387 0.000000 0.000000 0.000000 1.000000
0.765008 0.102191 0.635861 1.458260 -0.639024 0.243196 0.729729 8.402344 -0.080067 -0.964579 0.251349 5.906387 0.000000 0.000000 0.000000 1.000000
0.750057 0.084975 0.655891 1.458260 -0.652783 0.254425 0.713542 8.402344 -0.106242 -0.963352 0.246303 5.906387 0.000000 0.000000 0.000000 1.000000
0.733989 0.068396 0.675709 1.458260 -0.666331 0.265000 0.696978 8.402344 -0.131392 -0.961820 0.240081 5.906387 0.000000 0.000000 0.000000 1.000000
0.716862 0.052438 0.695241 1.458260 -0.679662 0.274906 0.680064 8.402344 -0.155465 -0.960040 0.232710 5.906387 0.000000 0.000000 0.000000 1.000000
0.698740 0.037082 0.714414 1.458260 -0.692772 0.284132 0.662825 8.402344 -0.178409 -0.958068 0.224224 5.906387 0.000000 0.000000 0.000000 1.000000
0.679689 0.022304 0.733161 1.458260 -0.705657 0.292664 0.645288 8.402344 -0.200177 -0.955955 0.214660 5.906387 0.000000 0.000000 0.000000 1.000000
0.643719 -0.010454 0.765190 1.458260 -0.722507 0.321239 0.612200 8.402344 -0.252208 -0.946941 0.199235 5.906387 0.000000 0.000000 0.000000 1.000000
0.603610 -0.040210 0.796265 1.458260 -0.738939 0.346800 0.577667 8.402344 -0.299373 -0.937077 0.179620 5.906387 0.000000 0.000000 0.000000 1.000000
0.559961 -0.067152 0.825793 1.458260 -0.754942 0.369266 0.541945 8.402344 -0.341330 -0.926894 0.156079 5.906387 0.000000 0.000000 0.000000 1.000000
0.513395 -0.091545 0.853255 1.458260 -0.770508 0.388576 0.505297 8.402344 -0.377812 -0.916858 0.128957 5.906387 0.000000 0.000000 0.000000 1.000000
0.464560 -0.113717 0.878210 1.458260 -0.785628 0.404692 0.467988 8.402344 -0.408623 -0.907355 0.098665 5.906387 0.000000 0.000000 0.000000 1.000000</float_array><technique_common><accessor source="#Bone069-Matrix-animation-output-transform-array" count="21" stride="16"><param type="float4x4"/></accessor></technique_common></source><source id="Bone069-Interpolations"><Name_array id="Bone069-Interpolations-array" count="21">
 LINEAR LINEAR LINEAR LINEAR LINEAR LINEAR LINEAR LINEAR LINEAR LINEAR LINEAR
LINEAR LINEAR LINEAR LINEAR LINEAR LINEAR LINEAR LINEAR LINEAR LINEAR</Name_array><technique_common><accessor source="#Bone069-Interpolations-array" count="21"><param type="name"/></accessor></technique_common></source><sampler id="Bone069-Matrix-animation-transform"><input semantic="INPUT" source="#Bone069-Matrix-animation-input"/><input semantic="OUTPUT" source="#Bone069-Matrix-animation-output-transform"/><input semantic="INTERPOLATION" source="#Bone069-Interpolations"/></sampler><channel source="#Bone069-Matrix-animation-transform" target="Bone069/matrix"/></animation></animation>
    <animation id="Bone070-anim" name="Bone070"><animation><source id="Bone070-Matrix-animation-input"><float_array id="Bone070-Matrix-animation-input-array" count="21">

0.000000 0.033333 0.066667 0.100000 0.133333 0.166667 0.200000 0.233333 0.266667 0.300000 0.333333 0.366667 0.400000 0.433333 0.466667 0.500000
0.533333 0.566667 0.600000 0.633333 0.666667</float_array><technique_common><accessor source="#Bone070-Matrix-animation-input-array" count="21"><param name="TIME" type="float"/></accessor></technique_common></source><source id="Bone070-Matrix-animation-output-transform"><float_array id="Bone070-Matrix-animation-output-transform-array" count="336">

0.957882 -0.186877 0.218035 9.346354 0.189488 0.981841 0.009064 0.000001 -0.215769 0.032632 0.975899 -0.000000 0.000000 0.000000 0.000000 1.000000
0.940783 -0.184661 0.284300 9.346354 0.186105 0.982279 0.022173 0.000001 -0.283357 0.032050 0.958479 -0.000000 0.000000 0.000000 0.000000 1.000000
0.919102 -0.182490 0.349213 9.346354 0.181816 0.982709 0.035014 0.000001 -0.349564 0.031311 0.936389 -0.000000 0.000000 0.000000 0.000000 1.000000
0.892942 -0.180376 0.412455 9.346354 0.176641 0.983127 0.047525 0.000001 -0.414068 0.030420 0.909737 -0.000000 0.000000 0.000000 0.000000 1.000000
0.862432 -0.178327 0.473720 9.346354 0.170606 0.983532 0.059644 0.000001 -0.476555 0.029381 0.878653 -0.000000 0.000000 0.000000 0.000000 1.000000
0.827720 -0.176355 0.532709 9.346354 0.163739 0.983923 0.071313 0.000001 -0.536720 0.028198 0.843289 -0.000000 0.000000 0.000000 0.000000 1.000000
0.862432 -0.178327 0.473720 9.346354 0.170606 0.983532 0.059644 0.000001 -0.476555 0.029381 0.878653 -0.000000 0.000000 0.000000 0.000000 1.000000
0.892942 -0.180376 0.412455 9.346354 0.176641 0.983127 0.047525 0.000001 -0.414068 0.030420 0.909737 -0.000000 0.000000 0.000000 0.000000 1.000000
0.919102 -0.182490 0.349213 9.346354 0.181816 0.982709 0.035014 0.000001 -0.349564 0.031311 0.936389 -0.000000 0.000000 0.000000 0.000000 1.000000
0.940783 -0.184661 0.284300 9.346354 0.186105 0.982279 0.022173 0.000001 -0.283357 0.032050 0.958479 -0.000000 0.000000 0.000000 0.000000 1.000000
0.957882 -0.186877 0.218035 9.346354 0.189488 0.981841 0.009064 0.000001 -0.215769 0.032632 0.975899 -0.000000 0.000000 0.000000 0.000000 1.000000
0.967647 -0.188562 0.167641 9.346354 0.191420 0.981508 -0.000905 0.000001 -0.164370 0.032965 0.985848 -0.000000 0.000000 0.000000 0.000000 1.000000
0.974760 -0.190262 0.116806 9.346354 0.192827 0.981172 -0.010961 0.000001 -0.112521 0.033207 0.993094 -0.000000 0.000000 0.000000 0.000000 1.000000
0.979201 -0.191972 0.065668 9.346354 0.193705 0.980833 -0.021077 0.000001 -0.060363 0.033359 0.997619 -0.000000 0.000000 0.000000 0.000000 1.000000
0.980958 -0.193687 0.014368 9.346354 0.194053 0.980494 -0.031225 0.000001 -0.008040 0.033419 0.999409 -0.000000 0.000000 0.000000 0.000000 1.000000
0.980026 -0.195403 -0.036953 9.346354 0.193868 0.980154 -0.041377 0.000001 0.044305 0.033387 0.998460 -0.000000 0.000000 0.000000 0.000000 1.000000
0.980958 -0.193687 0.014368 9.346354 0.194053 0.980494 -0.031225 0.000001 -0.008040 0.033419 0.999409 -0.000000 0.000000 0.000000 0.000000 1.000000
0.979201 -0.191972 0.065668 9.346354 0.193705 0.980833 -0.021077 0.000001 -0.060363 0.033359 0.997619 -0.000000 0.000000 0.000000 0.000000 1.000000
0.974760 -0.190262 0.116806 9.346354 0.192827 0.981172 -0.010961 0.000001 -0.112521 0.033207 0.993094 -0.000000 0.000000 0.000000 0.000000 1.000000
0.967647 -0.188562 0.167641 9.346354 0.191420 0.981508 -0.000905 0.000001 -0.164370 0.032965 0.985848 -0.000000 0.000000 0.000000 0.000000 1.000000
